duration	onset	block_duration	movement_onset	planning	condition	exp_stage	experiment_exp_id	key_press	problem_id	response_time	trial_id	trial_type	worker_id	junk
3.524	3.016	3.524	6.54	1	UA_with_intermediate	practice	ward_and_allport	71	0.0	3.524	to_hand	poldrack-single-stim	s573	False
0.1	6.54	0.942	7.482	0	UA_with_intermediate	practice	ward_and_allport	89	0.0	0.942	to_board	poldrack-single-stim	s573	False
0.1	7.485	6.042	13.527	0	UA_with_intermediate	practice	ward_and_allport	71	0.0	6.042	to_hand	poldrack-single-stim	s573	False
0.1	13.527	1.777	15.304	0	UA_with_intermediate	practice	ward_and_allport	82	0.0	1.777	to_board	poldrack-single-stim	s573	False
0.1	15.306	1.808	17.114	0	UA_with_intermediate	practice	ward_and_allport	89	0.0	1.808	to_hand	poldrack-single-stim	s573	False
0.1	17.115	0.835	17.95	0	UA_with_intermediate	practice	ward_and_allport	71	0.0	0.835	to_board	poldrack-single-stim	s573	False
0.1	17.952	1.059	19.011	0	UA_with_intermediate	practice	ward_and_allport	82	0.0	1.059	to_hand	poldrack-single-stim	s573	False
0.1	19.012	1.018	20.03	0	UA_with_intermediate	practice	ward_and_allport	89	0.0	1.018	to_board	poldrack-single-stim	s573	False
0.1	20.032	1.785	21.817	0	UA_with_intermediate	practice	ward_and_allport	71	0.0	1.785	to_hand	poldrack-single-stim	s573	False
0.1	21.818	1.198	23.016	0	UA_with_intermediate	practice	ward_and_allport	89	0.0	1.198	to_board	poldrack-single-stim	s573	False
1.0	23.022	2.5	23.021	0	UA_with_intermediate	practice	ward_and_allport	-1	0.0	n/a	feedback	poldrack-single-stim	s573	False
4.116	25.523	4.116	29.639	1	UA_with_intermediate	practice	ward_and_allport	89	1.0	4.116	to_hand	poldrack-single-stim	s573	False
0.1	29.641	1.192	30.833	0	UA_with_intermediate	practice	ward_and_allport	82	1.0	1.192	to_board	poldrack-single-stim	s573	False
0.1	30.835	1.292	32.127	0	UA_with_intermediate	practice	ward_and_allport	71	1.0	1.292	to_hand	poldrack-single-stim	s573	False
0.1	32.127	1.62	33.747	0	UA_with_intermediate	practice	ward_and_allport	89	1.0	1.62	to_board	poldrack-single-stim	s573	False
0.1	33.749	2.067	35.816	0	UA_with_intermediate	practice	ward_and_allport	82	1.0	2.067	to_hand	poldrack-single-stim	s573	False
0.1	35.817	0.774	36.591	0	UA_with_intermediate	practice	ward_and_allport	89	1.0	0.774	to_board	poldrack-single-stim	s573	False
1.0	36.595	2.1	36.594	0	UA_with_intermediate	practice	ward_and_allport	-1	1.0	n/a	feedback	poldrack-single-stim	s573	False
3.445	38.697	3.445	42.142	1	UA_without_intermediate	practice	ward_and_allport	82	2.0	3.445	to_hand	poldrack-single-stim	s573	False
0.1	42.142	0.998	43.14	0	UA_without_intermediate	practice	ward_and_allport	89	2.0	0.998	to_board	poldrack-single-stim	s573	False
0.1	43.143	1.553	44.696	0	UA_without_intermediate	practice	ward_and_allport	71	2.0	1.553	to_hand	poldrack-single-stim	s573	False
0.1	44.697	1.008	45.705	0	UA_without_intermediate	practice	ward_and_allport	89	2.0	1.008	to_board	poldrack-single-stim	s573	False
0.1	45.706	1.397	47.103	0	UA_without_intermediate	practice	ward_and_allport	71	2.0	1.397	to_hand	poldrack-single-stim	s573	False
0.1	47.105	0.802	47.907	0	UA_without_intermediate	practice	ward_and_allport	89	2.0	0.802	to_board	poldrack-single-stim	s573	False
1.0	47.909	2.2	47.908	0	UA_without_intermediate	practice	ward_and_allport	-1	2.0	n/a	feedback	poldrack-single-stim	s573	False
3.187	50.111	3.187	53.298	1	UA_without_intermediate	practice	ward_and_allport	71	3.0	3.187	to_hand	poldrack-single-stim	s573	False
0.1	53.299	0.994	54.293	0	UA_without_intermediate	practice	ward_and_allport	89	3.0	0.994	to_board	poldrack-single-stim	s573	False
0.1	54.295	1.606	55.901	0	UA_without_intermediate	practice	ward_and_allport	82	3.0	1.606	to_hand	poldrack-single-stim	s573	False
0.1	55.902	1.32	57.222	0	UA_without_intermediate	practice	ward_and_allport	89	3.0	1.32	to_board	poldrack-single-stim	s573	False
0.1	57.224	0.747	57.971	0	UA_without_intermediate	practice	ward_and_allport	71	3.0	0.747	to_hand	poldrack-single-stim	s573	False
0.1	57.973	0.651	58.624	0	UA_without_intermediate	practice	ward_and_allport	89	3.0	0.651	to_board	poldrack-single-stim	s573	False
1.0	58.627	2.0	58.626	0	UA_without_intermediate	practice	ward_and_allport	-1	3.0	n/a	feedback	poldrack-single-stim	s573	False
4.375	62.632	4.375	67.007	1	PA_with_intermediate	test	ward_and_allport	82	0.0	4.375	to_hand	poldrack-single-stim	s573	False
0.1	67.009	2.691	69.7	0	PA_with_intermediate	test	ward_and_allport	89	0.0	2.691	to_board	poldrack-single-stim	s573	False
0.1	69.701	1.808	71.509	0	PA_with_intermediate	test	ward_and_allport	82	0.0	1.808	to_hand	poldrack-single-stim	s573	False
0.1	71.51	1.118	72.628	0	PA_with_intermediate	test	ward_and_allport	71	0.0	1.118	to_board	poldrack-single-stim	s573	False
0.1	72.631	0.687	73.318	0	PA_with_intermediate	test	ward_and_allport	89	0.0	0.687	to_hand	poldrack-single-stim	s573	False
0.1	73.318	2.039	75.357	0	PA_with_intermediate	test	ward_and_allport	82	0.0	2.039	to_board	poldrack-single-stim	s573	False
1.0	75.363	4.176	75.362	0	PA_with_intermediate	test	ward_and_allport	-1	0.0	n/a	feedback	poldrack-single-stim	s573	False
4.359	79.542	4.359	83.901	1	PA_with_intermediate	test	ward_and_allport	82	1.0	4.359	to_hand	poldrack-single-stim	s573	False
0.1	83.903	1.256	85.159	0	PA_with_intermediate	test	ward_and_allport	89	1.0	1.256	to_board	poldrack-single-stim	s573	False
0.1	85.163	1.735	86.898	0	PA_with_intermediate	test	ward_and_allport	82	1.0	1.735	to_hand	poldrack-single-stim	s573	False
0.1	86.898	1.106	88.004	0	PA_with_intermediate	test	ward_and_allport	71	1.0	1.106	to_board	poldrack-single-stim	s573	False
0.1	88.006	0.825	88.831	0	PA_with_intermediate	test	ward_and_allport	89	1.0	0.825	to_hand	poldrack-single-stim	s573	False
0.1	88.833	1.216	90.049	0	PA_with_intermediate	test	ward_and_allport	82	1.0	1.216	to_board	poldrack-single-stim	s573	False
1.0	90.052	3.36	90.051	0	PA_with_intermediate	test	ward_and_allport	-1	1.0	n/a	feedback	poldrack-single-stim	s573	False
3.851	93.414	3.851	97.265	1	PA_with_intermediate	test	ward_and_allport	71	2.0	3.851	to_hand	poldrack-single-stim	s573	False
0.1	97.266	1.138	98.404	0	PA_with_intermediate	test	ward_and_allport	89	2.0	1.138	to_board	poldrack-single-stim	s573	False
0.1	98.406	1.234	99.64	0	PA_with_intermediate	test	ward_and_allport	71	2.0	1.234	to_hand	poldrack-single-stim	s573	False
0.1	99.641	1.912	101.553	0	PA_with_intermediate	test	ward_and_allport	82	2.0	1.912	to_board	poldrack-single-stim	s573	False
0.1	101.555	0.84	102.395	0	PA_with_intermediate	test	ward_and_allport	89	2.0	0.84	to_hand	poldrack-single-stim	s573	False
0.1	102.397	0.754	103.151	0	PA_with_intermediate	test	ward_and_allport	71	2.0	0.754	to_board	poldrack-single-stim	s573	False
1.0	103.156	2.0	103.155	0	PA_with_intermediate	test	ward_and_allport	-1	2.0	n/a	feedback	poldrack-single-stim	s573	False
3.595	105.159	3.595	108.754	1	PA_without_intermediate	test	ward_and_allport	89	3.0	3.595	to_hand	poldrack-single-stim	s573	False
0.1	108.755	0.832	109.587	0	PA_without_intermediate	test	ward_and_allport	82	3.0	0.832	to_board	poldrack-single-stim	s573	False
0.1	109.59	1.837	111.427	0	PA_without_intermediate	test	ward_and_allport	89	3.0	1.837	to_hand	poldrack-single-stim	s573	False
0.1	111.428	1.142	112.57	0	PA_without_intermediate	test	ward_and_allport	82	3.0	1.142	to_board	poldrack-single-stim	s573	False
0.1	112.573	0.99	113.563	0	PA_without_intermediate	test	ward_and_allport	89	3.0	0.99	to_hand	poldrack-single-stim	s573	False
0.1	113.564	0.697	114.261	0	PA_without_intermediate	test	ward_and_allport	71	3.0	0.697	to_board	poldrack-single-stim	s573	False
1.0	114.264	2.408	114.263	0	PA_without_intermediate	test	ward_and_allport	-1	3.0	n/a	feedback	poldrack-single-stim	s573	False
4.952	116.674	4.952	121.626	1	PA_with_intermediate	test	ward_and_allport	82	4.0	4.952	to_hand	poldrack-single-stim	s573	False
0.1	121.627	2.146	123.773	0	PA_with_intermediate	test	ward_and_allport	71	4.0	2.146	to_board	poldrack-single-stim	s573	False
0.1	123.775	1.736	125.511	0	PA_with_intermediate	test	ward_and_allport	82	4.0	1.736	to_hand	poldrack-single-stim	s573	False
0.1	125.512	1.278	126.79	0	PA_with_intermediate	test	ward_and_allport	89	4.0	1.278	to_board	poldrack-single-stim	s573	False
0.1	126.793	0.936	127.729	0	PA_with_intermediate	test	ward_and_allport	71	4.0	0.936	to_hand	poldrack-single-stim	s573	False
0.1	127.73	0.794	128.524	0	PA_with_intermediate	test	ward_and_allport	89	4.0	0.794	to_board	poldrack-single-stim	s573	False
1.0	128.528	2.816	128.527	0	PA_with_intermediate	test	ward_and_allport	-1	4.0	n/a	feedback	poldrack-single-stim	s573	False
3.246	131.347	3.246	134.593	1	PA_without_intermediate	test	ward_and_allport	71	5.0	3.246	to_hand	poldrack-single-stim	s573	False
0.1	134.595	0.969	135.564	0	PA_without_intermediate	test	ward_and_allport	82	5.0	0.969	to_board	poldrack-single-stim	s573	False
0.1	135.567	1.19	136.757	0	PA_without_intermediate	test	ward_and_allport	71	5.0	1.19	to_hand	poldrack-single-stim	s573	False
0.1	136.757	0.833	137.59	0	PA_without_intermediate	test	ward_and_allport	89	5.0	0.833	to_board	poldrack-single-stim	s573	False
0.1	137.594	1.557	139.151	0	PA_without_intermediate	test	ward_and_allport	71	5.0	1.557	to_hand	poldrack-single-stim	s573	False
0.1	139.152	0.874	140.026	0	PA_without_intermediate	test	ward_and_allport	82	5.0	0.874	to_board	poldrack-single-stim	s573	False
1.0	140.03	3.088	140.029	0	PA_without_intermediate	test	ward_and_allport	-1	5.0	n/a	feedback	poldrack-single-stim	s573	False
3.537	143.121	3.537	146.658	1	PA_without_intermediate	test	ward_and_allport	89	6.0	3.537	to_hand	poldrack-single-stim	s573	False
0.1	146.659	0.768	147.427	0	PA_without_intermediate	test	ward_and_allport	71	6.0	0.768	to_board	poldrack-single-stim	s573	False
0.1	147.43	1.349	148.779	0	PA_without_intermediate	test	ward_and_allport	89	6.0	1.349	to_hand	poldrack-single-stim	s573	False
0.1	148.779	0.781	149.56	0	PA_without_intermediate	test	ward_and_allport	82	6.0	0.781	to_board	poldrack-single-stim	s573	False
0.1	149.563	0.907	150.47	0	PA_without_intermediate	test	ward_and_allport	89	6.0	0.907	to_hand	poldrack-single-stim	s573	False
0.1	150.471	0.634	151.105	0	PA_without_intermediate	test	ward_and_allport	71	6.0	0.634	to_board	poldrack-single-stim	s573	False
1.0	151.113	2.136	151.112	0	PA_without_intermediate	test	ward_and_allport	-1	6.0	n/a	feedback	poldrack-single-stim	s573	False
2.606	153.252	2.606	155.858	1	PA_without_intermediate	test	ward_and_allport	71	7.0	2.606	to_hand	poldrack-single-stim	s573	False
0.1	155.859	0.884	156.743	0	PA_without_intermediate	test	ward_and_allport	89	7.0	0.884	to_board	poldrack-single-stim	s573	False
0.1	156.746	1.522	158.268	0	PA_without_intermediate	test	ward_and_allport	71	7.0	1.522	to_hand	poldrack-single-stim	s573	False
0.1	158.268	0.546	158.814	0	PA_without_intermediate	test	ward_and_allport	82	7.0	0.546	to_board	poldrack-single-stim	s573	False
0.1	158.817	1.27	160.087	0	PA_without_intermediate	test	ward_and_allport	71	7.0	1.27	to_hand	poldrack-single-stim	s573	False
0.1	160.088	0.682	160.77	0	PA_without_intermediate	test	ward_and_allport	89	7.0	0.682	to_board	poldrack-single-stim	s573	False
1.0	160.774	7.168	160.773	0	PA_without_intermediate	test	ward_and_allport	-1	7.0	n/a	feedback	poldrack-single-stim	s573	False
2.524	167.946	2.524	170.47	1	PA_without_intermediate	test	ward_and_allport	89	8.0	2.524	to_hand	poldrack-single-stim	s573	False
0.1	170.471	1.091	171.562	0	PA_without_intermediate	test	ward_and_allport	82	8.0	1.091	to_board	poldrack-single-stim	s573	False
0.1	171.566	0.76	172.326	0	PA_without_intermediate	test	ward_and_allport	89	8.0	0.76	to_hand	poldrack-single-stim	s573	False
0.1	172.327	1.104	173.431	0	PA_without_intermediate	test	ward_and_allport	82	8.0	1.104	to_board	poldrack-single-stim	s573	False
0.1	173.434	0.697	174.131	0	PA_without_intermediate	test	ward_and_allport	89	8.0	0.697	to_hand	poldrack-single-stim	s573	False
0.1	174.132	0.61	174.742	0	PA_without_intermediate	test	ward_and_allport	71	8.0	0.61	to_board	poldrack-single-stim	s573	False
1.0	174.748	2.816	174.747	0	PA_without_intermediate	test	ward_and_allport	-1	8.0	n/a	feedback	poldrack-single-stim	s573	False
3.513	177.568	3.513	181.081	1	PA_with_intermediate	test	ward_and_allport	71	9.0	3.513	to_hand	poldrack-single-stim	s573	False
0.1	181.082	1.002	182.084	0	PA_with_intermediate	test	ward_and_allport	89	9.0	1.002	to_board	poldrack-single-stim	s573	False
0.1	182.087	0.805	182.892	0	PA_with_intermediate	test	ward_and_allport	71	9.0	0.805	to_hand	poldrack-single-stim	s573	False
0.1	182.893	1.097	183.99	0	PA_with_intermediate	test	ward_and_allport	82	9.0	1.097	to_board	poldrack-single-stim	s573	False
0.1	183.993	1.245	185.238	0	PA_with_intermediate	test	ward_and_allport	89	9.0	1.245	to_hand	poldrack-single-stim	s573	False
0.1	185.239	0.902	186.141	0	PA_with_intermediate	test	ward_and_allport	71	9.0	0.902	to_board	poldrack-single-stim	s573	False
1.0	186.149	2.952	186.148	0	PA_with_intermediate	test	ward_and_allport	-1	9.0	n/a	feedback	poldrack-single-stim	s573	False
4.058	189.105	4.058	193.163	1	PA_with_intermediate	test	ward_and_allport	71	10.0	4.058	to_hand	poldrack-single-stim	s573	False
0.1	193.164	0.935	194.099	0	PA_with_intermediate	test	ward_and_allport	82	10.0	0.935	to_board	poldrack-single-stim	s573	False
0.1	194.104	1.384	195.488	0	PA_with_intermediate	test	ward_and_allport	71	10.0	1.384	to_hand	poldrack-single-stim	s573	False
0.1	195.489	0.673	196.162	0	PA_with_intermediate	test	ward_and_allport	89	10.0	0.673	to_board	poldrack-single-stim	s573	False
0.1	196.167	1.569	197.736	0	PA_with_intermediate	test	ward_and_allport	82	10.0	1.569	to_hand	poldrack-single-stim	s573	False
0.1	197.738	0.65	198.388	0	PA_with_intermediate	test	ward_and_allport	71	10.0	0.65	to_board	poldrack-single-stim	s573	False
1.0	198.395	2.136	198.394	0	PA_with_intermediate	test	ward_and_allport	-1	10.0	n/a	feedback	poldrack-single-stim	s573	False
2.397	200.537	2.397	202.934	1	PA_without_intermediate	test	ward_and_allport	82	11.0	2.397	to_hand	poldrack-single-stim	s573	False
0.1	202.935	1.129	204.064	0	PA_without_intermediate	test	ward_and_allport	71	11.0	1.129	to_board	poldrack-single-stim	s573	False
0.1	204.068	0.898	204.966	0	PA_without_intermediate	test	ward_and_allport	82	11.0	0.898	to_hand	poldrack-single-stim	s573	False
0.1	204.967	1.114	206.081	0	PA_without_intermediate	test	ward_and_allport	89	11.0	1.114	to_board	poldrack-single-stim	s573	False
0.1	206.085	1.293	207.378	0	PA_without_intermediate	test	ward_and_allport	82	11.0	1.293	to_hand	poldrack-single-stim	s573	False
0.1	207.38	0.614	207.994	0	PA_without_intermediate	test	ward_and_allport	71	11.0	0.614	to_board	poldrack-single-stim	s573	False
1.0	208.0	2.68	207.999	0	PA_without_intermediate	test	ward_and_allport	-1	11.0	n/a	feedback	poldrack-single-stim	s573	False
2.395	210.683	2.395	213.078	1	PA_without_intermediate	test	ward_and_allport	82	12.0	2.395	to_hand	poldrack-single-stim	s573	False
0.1	213.08	1.452	214.532	0	PA_without_intermediate	test	ward_and_allport	89	12.0	1.452	to_board	poldrack-single-stim	s573	False
0.1	214.535	1.685	216.22	0	PA_without_intermediate	test	ward_and_allport	82	12.0	1.685	to_hand	poldrack-single-stim	s573	False
0.1	216.221	1.042	217.263	0	PA_without_intermediate	test	ward_and_allport	89	12.0	1.042	to_board	poldrack-single-stim	s573	False
0.1	217.268	0.868	218.136	0	PA_without_intermediate	test	ward_and_allport	82	12.0	0.868	to_hand	poldrack-single-stim	s573	False
0.1	218.136	0.818	218.954	0	PA_without_intermediate	test	ward_and_allport	71	12.0	0.818	to_board	poldrack-single-stim	s573	False
1.0	218.963	3.088	218.962	0	PA_without_intermediate	test	ward_and_allport	-1	12.0	n/a	feedback	poldrack-single-stim	s573	False
3.652	222.054	3.652	225.706	1	PA_with_intermediate	test	ward_and_allport	89	13.0	3.652	to_hand	poldrack-single-stim	s573	False
0.1	225.708	0.799	226.507	0	PA_with_intermediate	test	ward_and_allport	71	13.0	0.799	to_board	poldrack-single-stim	s573	False
0.1	226.511	0.824	227.335	0	PA_with_intermediate	test	ward_and_allport	89	13.0	0.824	to_hand	poldrack-single-stim	s573	False
0.1	227.336	0.848	228.184	0	PA_with_intermediate	test	ward_and_allport	82	13.0	0.848	to_board	poldrack-single-stim	s573	False
0.1	228.188	1.929	230.117	0	PA_with_intermediate	test	ward_and_allport	71	13.0	1.929	to_hand	poldrack-single-stim	s573	False
0.1	230.118	0.779	230.897	0	PA_with_intermediate	test	ward_and_allport	82	13.0	0.779	to_board	poldrack-single-stim	s573	False
1.0	230.902	2.0	230.901	0	PA_with_intermediate	test	ward_and_allport	-1	13.0	n/a	feedback	poldrack-single-stim	s573	False
2.132	232.907	2.132	235.039	1	PA_without_intermediate	test	ward_and_allport	89	14.0	2.132	to_hand	poldrack-single-stim	s573	False
0.1	235.04	0.862	235.902	0	PA_without_intermediate	test	ward_and_allport	71	14.0	0.862	to_board	poldrack-single-stim	s573	False
0.1	235.906	0.875	236.781	0	PA_without_intermediate	test	ward_and_allport	89	14.0	0.875	to_hand	poldrack-single-stim	s573	False
0.1	236.782	1.814	238.596	0	PA_without_intermediate	test	ward_and_allport	71	14.0	1.814	to_board	poldrack-single-stim	s573	False
0.1	238.601	0.635	239.236	0	PA_without_intermediate	test	ward_and_allport	89	14.0	0.635	to_hand	poldrack-single-stim	s573	False
0.1	239.237	0.754	239.991	0	PA_without_intermediate	test	ward_and_allport	82	14.0	0.754	to_board	poldrack-single-stim	s573	False
1.0	239.998	2.0	239.997	0	PA_without_intermediate	test	ward_and_allport	-1	14.0	n/a	feedback	poldrack-single-stim	s573	False
1.739	247.004	1.739	248.743	1	PA_without_intermediate	test	ward_and_allport	71	15.0	1.739	to_hand	poldrack-single-stim	s573	False
0.1	248.745	0.88	249.625	0	PA_without_intermediate	test	ward_and_allport	89	15.0	0.88	to_board	poldrack-single-stim	s573	False
0.1	249.628	0.579	250.207	0	PA_without_intermediate	test	ward_and_allport	71	15.0	0.579	to_hand	poldrack-single-stim	s573	False
0.1	250.208	1.186	251.394	0	PA_without_intermediate	test	ward_and_allport	89	15.0	1.186	to_board	poldrack-single-stim	s573	False
0.1	251.398	0.756	252.154	0	PA_without_intermediate	test	ward_and_allport	71	15.0	0.756	to_hand	poldrack-single-stim	s573	False
0.1	252.155	0.535	252.69	0	PA_without_intermediate	test	ward_and_allport	82	15.0	0.535	to_board	poldrack-single-stim	s573	False
1.0	252.697	2.0	252.696	0	PA_without_intermediate	test	ward_and_allport	-1	15.0	n/a	feedback	poldrack-single-stim	s573	False
3.094	254.702	3.094	257.796	1	PA_with_intermediate	test	ward_and_allport	82	16.0	3.094	to_hand	poldrack-single-stim	s573	False
0.1	257.797	1.141	258.938	0	PA_with_intermediate	test	ward_and_allport	71	16.0	1.141	to_board	poldrack-single-stim	s573	False
0.1	258.943	0.967	259.91	0	PA_with_intermediate	test	ward_and_allport	82	16.0	0.967	to_hand	poldrack-single-stim	s573	False
0.1	259.911	0.691	260.602	0	PA_with_intermediate	test	ward_and_allport	89	16.0	0.691	to_board	poldrack-single-stim	s573	False
0.1	260.607	1.777	262.384	0	PA_with_intermediate	test	ward_and_allport	71	16.0	1.777	to_hand	poldrack-single-stim	s573	False
0.1	262.385	0.702	263.087	0	PA_with_intermediate	test	ward_and_allport	82	16.0	0.702	to_board	poldrack-single-stim	s573	False
1.0	263.092	2.544	263.091	0	PA_with_intermediate	test	ward_and_allport	-1	16.0	n/a	feedback	poldrack-single-stim	s573	False
1.585	265.642	1.585	267.227	1	PA_without_intermediate	test	ward_and_allport	71	17.0	1.585	to_hand	poldrack-single-stim	s573	False
0.1	267.228	1.165	268.393	0	PA_without_intermediate	test	ward_and_allport	89	17.0	1.165	to_board	poldrack-single-stim	s573	False
0.1	268.397	0.69	269.087	0	PA_without_intermediate	test	ward_and_allport	71	17.0	0.69	to_hand	poldrack-single-stim	s573	False
0.1	269.089	0.653	269.742	0	PA_without_intermediate	test	ward_and_allport	82	17.0	0.653	to_board	poldrack-single-stim	s573	False
0.1	269.746	0.813	270.559	0	PA_without_intermediate	test	ward_and_allport	71	17.0	0.813	to_hand	poldrack-single-stim	s573	False
0.1	270.561	0.686	271.247	0	PA_without_intermediate	test	ward_and_allport	89	17.0	0.686	to_board	poldrack-single-stim	s573	False
1.0	271.252	2.272	271.251	0	PA_without_intermediate	test	ward_and_allport	-1	17.0	n/a	feedback	poldrack-single-stim	s573	False
1.688	273.529	1.688	275.217	1	PA_with_intermediate	test	ward_and_allport	71	18.0	1.688	to_hand	poldrack-single-stim	s573	False
0.1	275.219	1.902	277.121	0	PA_with_intermediate	test	ward_and_allport	82	18.0	1.902	to_board	poldrack-single-stim	s573	False
0.1	277.126	0.773	277.899	0	PA_with_intermediate	test	ward_and_allport	71	18.0	0.773	to_hand	poldrack-single-stim	s573	False
0.1	277.899	0.741	278.64	0	PA_with_intermediate	test	ward_and_allport	89	18.0	0.741	to_board	poldrack-single-stim	s573	False
0.1	278.645	1.015	279.66	0	PA_with_intermediate	test	ward_and_allport	82	18.0	1.015	to_hand	poldrack-single-stim	s573	False
0.1	279.661	1.335	280.996	0	PA_with_intermediate	test	ward_and_allport	89	18.0	1.335	to_board	poldrack-single-stim	s573	False
1.0	281.005	4.04	281.004	0	PA_with_intermediate	test	ward_and_allport	-1	18.0	n/a	feedback	poldrack-single-stim	s573	False
3.517	285.049	3.517	288.566	1	PA_with_intermediate	test	ward_and_allport	89	19.0	3.517	to_hand	poldrack-single-stim	s573	False
0.1	288.568	0.553	289.121	0	PA_with_intermediate	test	ward_and_allport	71	19.0	0.553	to_board	poldrack-single-stim	s573	False
0.1	289.126	1.049	290.175	0	PA_with_intermediate	test	ward_and_allport	89	19.0	1.049	to_hand	poldrack-single-stim	s573	False
0.1	290.175	0.765	290.94	0	PA_with_intermediate	test	ward_and_allport	82	19.0	0.765	to_board	poldrack-single-stim	s573	False
0.1	290.946	1.041	291.987	0	PA_with_intermediate	test	ward_and_allport	71	19.0	1.041	to_hand	poldrack-single-stim	s573	False
0.1	291.988	0.928	292.916	0	PA_with_intermediate	test	ward_and_allport	89	19.0	0.928	to_board	poldrack-single-stim	s573	False
1.0	292.922	2.272	292.921	0	PA_with_intermediate	test	ward_and_allport	-1	19.0	n/a	feedback	poldrack-single-stim	s573	False
3.46	295.2	3.46	298.66	1	PA_with_intermediate	test	ward_and_allport	89	20.0	3.46	to_hand	poldrack-single-stim	s573	False
0.1	298.66	1.217	299.877	0	PA_with_intermediate	test	ward_and_allport	82	20.0	1.217	to_board	poldrack-single-stim	s573	False
0.1	299.883	0.697	300.58	0	PA_with_intermediate	test	ward_and_allport	89	20.0	0.697	to_hand	poldrack-single-stim	s573	False
0.1	300.58	0.492	301.072	0	PA_with_intermediate	test	ward_and_allport	71	20.0	0.492	to_board	poldrack-single-stim	s573	False
0.1	301.078	0.622	301.7	0	PA_with_intermediate	test	ward_and_allport	82	20.0	0.622	to_hand	poldrack-single-stim	s573	False
0.1	301.7	1.191	302.891	0	PA_with_intermediate	test	ward_and_allport	89	20.0	1.191	to_board	poldrack-single-stim	s573	False
1.0	302.899	2.136	302.898	0	PA_with_intermediate	test	ward_and_allport	-1	20.0	n/a	feedback	poldrack-single-stim	s573	False
3.79	305.04	3.79	308.83	1	PA_with_intermediate	test	ward_and_allport	89	21.0	3.79	to_hand	poldrack-single-stim	s573	False
0.1	308.83	1.343	310.173	0	PA_with_intermediate	test	ward_and_allport	82	21.0	1.343	to_board	poldrack-single-stim	s573	False
0.1	310.179	1.064	311.243	0	PA_with_intermediate	test	ward_and_allport	89	21.0	1.064	to_hand	poldrack-single-stim	s573	False
0.1	311.244	0.756	312.0	0	PA_with_intermediate	test	ward_and_allport	71	21.0	0.756	to_board	poldrack-single-stim	s573	False
0.1	312.005	0.517	312.522	0	PA_with_intermediate	test	ward_and_allport	82	21.0	0.517	to_hand	poldrack-single-stim	s573	False
0.1	312.523	0.596	313.119	0	PA_with_intermediate	test	ward_and_allport	71	21.0	0.596	to_board	poldrack-single-stim	s573	False
1.0	313.126	2.0	313.125	0	PA_with_intermediate	test	ward_and_allport	-1	21.0	n/a	feedback	poldrack-single-stim	s573	False
2.318	315.13	2.318	317.448	1	PA_with_intermediate	test	ward_and_allport	89	22.0	2.318	to_hand	poldrack-single-stim	s573	False
0.1	317.45	0.497	317.947	0	PA_with_intermediate	test	ward_and_allport	71	22.0	0.497	to_board	poldrack-single-stim	s573	False
0.1	317.952	0.575	318.527	0	PA_with_intermediate	test	ward_and_allport	89	22.0	0.575	to_hand	poldrack-single-stim	s573	False
0.1	318.528	0.521	319.049	0	PA_with_intermediate	test	ward_and_allport	82	22.0	0.521	to_board	poldrack-single-stim	s573	False
0.1	319.055	0.628	319.683	0	PA_with_intermediate	test	ward_and_allport	71	22.0	0.628	to_hand	poldrack-single-stim	s573	False
0.1	319.685	0.605	320.29	0	PA_with_intermediate	test	ward_and_allport	89	22.0	0.605	to_board	poldrack-single-stim	s573	False
1.0	320.299	2.0	320.298	0	PA_with_intermediate	test	ward_and_allport	-1	22.0	n/a	feedback	poldrack-single-stim	s573	False
2.303	322.305	2.303	324.608	1	PA_without_intermediate	test	ward_and_allport	82	23.0	2.303	to_hand	poldrack-single-stim	s573	False
0.1	324.608	1.003	325.611	0	PA_without_intermediate	test	ward_and_allport	71	23.0	1.003	to_board	poldrack-single-stim	s573	False
0.1	325.618	2.155	327.773	0	PA_without_intermediate	test	ward_and_allport	82	23.0	2.155	to_hand	poldrack-single-stim	s573	False
0.1	327.773	0.612	328.385	0	PA_without_intermediate	test	ward_and_allport	89	23.0	0.612	to_board	poldrack-single-stim	s573	False
0.1	328.392	0.726	329.118	0	PA_without_intermediate	test	ward_and_allport	82	23.0	0.726	to_hand	poldrack-single-stim	s573	False
0.1	329.119	0.519	329.638	0	PA_without_intermediate	test	ward_and_allport	71	23.0	0.519	to_board	poldrack-single-stim	s573	False
1.0	329.646	2.408	329.645	0	PA_without_intermediate	test	ward_and_allport	-1	23.0	n/a	feedback	poldrack-single-stim	s573	False
2.501	332.061	2.501	334.562	1	PA_with_intermediate	test	ward_and_allport	89	24.0	2.501	to_hand	poldrack-single-stim	s573	False
0.1	334.563	0.849	335.412	0	PA_with_intermediate	test	ward_and_allport	82	24.0	0.849	to_board	poldrack-single-stim	s573	False
0.1	335.419	1.164	336.583	0	PA_with_intermediate	test	ward_and_allport	89	24.0	1.164	to_hand	poldrack-single-stim	s573	False
0.1	336.583	0.954	337.537	0	PA_with_intermediate	test	ward_and_allport	71	24.0	0.954	to_board	poldrack-single-stim	s573	False
0.1	337.544	0.688	338.232	0	PA_with_intermediate	test	ward_and_allport	82	24.0	0.688	to_hand	poldrack-single-stim	s573	False
0.1	338.233	0.573	338.806	0	PA_with_intermediate	test	ward_and_allport	89	24.0	0.573	to_board	poldrack-single-stim	s573	False
1.0	338.815	3.768	338.814	0	PA_with_intermediate	test	ward_and_allport	-1	24.0	n/a	feedback	poldrack-single-stim	s573	False
2.34	342.59	2.34	344.93	1	PA_with_intermediate	test	ward_and_allport	71	25.0	2.34	to_hand	poldrack-single-stim	s573	False
0.1	344.931	0.489	345.42	0	PA_with_intermediate	test	ward_and_allport	82	25.0	0.489	to_board	poldrack-single-stim	s573	False
0.1	345.427	0.66	346.087	0	PA_with_intermediate	test	ward_and_allport	71	25.0	0.66	to_hand	poldrack-single-stim	s573	False
0.1	346.087	0.538	346.625	0	PA_with_intermediate	test	ward_and_allport	89	25.0	0.538	to_board	poldrack-single-stim	s573	False
0.1	346.632	0.511	347.143	0	PA_with_intermediate	test	ward_and_allport	82	25.0	0.511	to_hand	poldrack-single-stim	s573	False
0.1	347.144	0.474	347.618	0	PA_with_intermediate	test	ward_and_allport	71	25.0	0.474	to_board	poldrack-single-stim	s573	False
1.0	347.626	2.68	347.625	0	PA_with_intermediate	test	ward_and_allport	-1	25.0	n/a	feedback	poldrack-single-stim	s573	False
2.87	350.312	2.87	353.182	1	PA_without_intermediate	test	ward_and_allport	82	26.0	2.87	to_hand	poldrack-single-stim	s573	False
0.1	353.183	0.784	353.967	0	PA_without_intermediate	test	ward_and_allport	89	26.0	0.784	to_board	poldrack-single-stim	s573	False
0.1	353.974	2.103	356.077	0	PA_without_intermediate	test	ward_and_allport	82	26.0	2.103	to_hand	poldrack-single-stim	s573	False
0.1	356.078	1.053	357.131	0	PA_without_intermediate	test	ward_and_allport	71	26.0	1.053	to_board	poldrack-single-stim	s573	False
0.1	357.137	0.556	357.693	0	PA_without_intermediate	test	ward_and_allport	82	26.0	0.556	to_hand	poldrack-single-stim	s573	False
0.1	357.695	0.553	358.248	0	PA_without_intermediate	test	ward_and_allport	89	26.0	0.553	to_board	poldrack-single-stim	s573	False
1.0	358.255	3.224	358.254	0	PA_without_intermediate	test	ward_and_allport	-1	26.0	n/a	feedback	poldrack-single-stim	s573	False
1.667	361.486	1.667	363.153	1	PA_without_intermediate	test	ward_and_allport	82	27.0	1.667	to_hand	poldrack-single-stim	s573	False
0.1	363.154	0.785	363.939	0	PA_without_intermediate	test	ward_and_allport	89	27.0	0.785	to_board	poldrack-single-stim	s573	False
0.1	363.947	0.842	364.789	0	PA_without_intermediate	test	ward_and_allport	82	27.0	0.842	to_hand	poldrack-single-stim	s573	False
0.1	364.79	1.103	365.893	0	PA_without_intermediate	test	ward_and_allport	89	27.0	1.103	to_board	poldrack-single-stim	s573	False
0.1	365.9	0.825	366.725	0	PA_without_intermediate	test	ward_and_allport	82	27.0	0.825	to_hand	poldrack-single-stim	s573	False
0.1	366.725	0.584	367.309	0	PA_without_intermediate	test	ward_and_allport	71	27.0	0.584	to_board	poldrack-single-stim	s573	False
1.0	367.317	3.36	367.316	0	PA_without_intermediate	test	ward_and_allport	-1	27.0	n/a	feedback	poldrack-single-stim	s573	False
1.682	370.684	1.682	372.366	1	PA_without_intermediate	test	ward_and_allport	89	28.0	1.682	to_hand	poldrack-single-stim	s573	False
0.1	372.368	1.037	373.405	0	PA_without_intermediate	test	ward_and_allport	71	28.0	1.037	to_board	poldrack-single-stim	s573	False
0.1	373.412	0.795	374.207	0	PA_without_intermediate	test	ward_and_allport	89	28.0	0.795	to_hand	poldrack-single-stim	s573	False
0.1	374.208	0.681	374.889	0	PA_without_intermediate	test	ward_and_allport	82	28.0	0.681	to_board	poldrack-single-stim	s573	False
0.1	374.897	0.541	375.438	0	PA_without_intermediate	test	ward_and_allport	89	28.0	0.541	to_hand	poldrack-single-stim	s573	False
0.1	375.439	0.563	376.002	0	PA_without_intermediate	test	ward_and_allport	71	28.0	0.563	to_board	poldrack-single-stim	s573	False
1.0	376.01	2.0	376.009	0	PA_without_intermediate	test	ward_and_allport	-1	28.0	n/a	feedback	poldrack-single-stim	s573	False
1.925	378.018	1.925	379.943	1	PA_without_intermediate	test	ward_and_allport	89	29.0	1.925	to_hand	poldrack-single-stim	s573	False
0.1	379.945	0.776	380.721	0	PA_without_intermediate	test	ward_and_allport	82	29.0	0.776	to_board	poldrack-single-stim	s573	False
0.1	380.727	1.315	382.042	0	PA_without_intermediate	test	ward_and_allport	89	29.0	1.315	to_hand	poldrack-single-stim	s573	False
0.1	382.044	0.482	382.526	0	PA_without_intermediate	test	ward_and_allport	71	29.0	0.482	to_board	poldrack-single-stim	s573	False
0.1	382.533	0.472	383.005	0	PA_without_intermediate	test	ward_and_allport	89	29.0	0.472	to_hand	poldrack-single-stim	s573	False
0.1	383.005	0.522	383.527	0	PA_without_intermediate	test	ward_and_allport	82	29.0	0.522	to_board	poldrack-single-stim	s573	False
1.0	383.536	2.408	383.535	0	PA_without_intermediate	test	ward_and_allport	-1	29.0	n/a	feedback	poldrack-single-stim	s573	False
1.598	390.954	1.598	392.552	1	PA_with_intermediate	test	ward_and_allport	89	30.0	1.598	to_hand	poldrack-single-stim	s573	False
0.1	392.553	1.449	394.002	0	PA_with_intermediate	test	ward_and_allport	71	30.0	1.449	to_board	poldrack-single-stim	s573	False
0.1	394.01	0.785	394.795	0	PA_with_intermediate	test	ward_and_allport	89	30.0	0.785	to_hand	poldrack-single-stim	s573	False
0.1	394.796	0.587	395.383	0	PA_with_intermediate	test	ward_and_allport	82	30.0	0.587	to_board	poldrack-single-stim	s573	False
0.1	395.391	0.676	396.067	0	PA_with_intermediate	test	ward_and_allport	89	30.0	0.676	to_hand	poldrack-single-stim	s573	False
0.1	396.067	2.844	398.911	0	PA_with_intermediate	test	ward_and_allport	89	30.0	2.844	to_board	poldrack-single-stim	s573	False
0.1	398.918	1.459	400.377	0	PA_with_intermediate	test	ward_and_allport	71	30.0	1.459	to_hand	poldrack-single-stim	s573	False
0.1	400.379	0.898	401.277	0	PA_with_intermediate	test	ward_and_allport	82	30.0	0.898	to_board	poldrack-single-stim	s573	False
1.0	401.286	2.136	401.285	0	PA_with_intermediate	test	ward_and_allport	-1	30.0	n/a	feedback	poldrack-single-stim	s573	False
1.779	403.43	1.779	405.209	1	PA_without_intermediate	test	ward_and_allport	71	31.0	1.779	to_hand	poldrack-single-stim	s573	False
0.1	405.209	1.016	406.225	0	PA_without_intermediate	test	ward_and_allport	82	31.0	1.016	to_board	poldrack-single-stim	s573	False
0.1	406.234	1.113	407.347	0	PA_without_intermediate	test	ward_and_allport	71	31.0	1.113	to_hand	poldrack-single-stim	s573	False
0.1	407.349	0.777	408.126	0	PA_without_intermediate	test	ward_and_allport	82	31.0	0.777	to_board	poldrack-single-stim	s573	False
0.1	408.135	1.224	409.359	0	PA_without_intermediate	test	ward_and_allport	71	31.0	1.224	to_hand	poldrack-single-stim	s573	False
0.1	409.36	0.531	409.891	0	PA_without_intermediate	test	ward_and_allport	89	31.0	0.531	to_board	poldrack-single-stim	s573	False
1.0	409.905	5.128	409.904	0	PA_without_intermediate	test	ward_and_allport	-1	31.0	n/a	feedback	poldrack-single-stim	s573	False
2.726	415.042	2.726	417.768	1	PA_without_intermediate	test	ward_and_allport	82	32.0	2.726	to_hand	poldrack-single-stim	s573	False
0.1	417.769	1.002	418.771	0	PA_without_intermediate	test	ward_and_allport	71	32.0	1.002	to_board	poldrack-single-stim	s573	False
0.1	418.781	1.188	419.969	0	PA_without_intermediate	test	ward_and_allport	82	32.0	1.188	to_hand	poldrack-single-stim	s573	False
0.1	419.97	0.684	420.654	0	PA_without_intermediate	test	ward_and_allport	71	32.0	0.684	to_board	poldrack-single-stim	s573	False
0.1	420.663	0.669	421.332	0	PA_without_intermediate	test	ward_and_allport	82	32.0	0.669	to_hand	poldrack-single-stim	s573	False
0.1	421.333	0.564	421.897	0	PA_without_intermediate	test	ward_and_allport	89	32.0	0.564	to_board	poldrack-single-stim	s573	False
1.0	421.905	2.136	421.904	0	PA_without_intermediate	test	ward_and_allport	-1	32.0	n/a	feedback	poldrack-single-stim	s573	False
1.808	424.05	1.808	425.858	1	PA_without_intermediate	test	ward_and_allport	89	33.0	1.808	to_hand	poldrack-single-stim	s573	False
0.1	425.859	0.77	426.629	0	PA_without_intermediate	test	ward_and_allport	82	33.0	0.77	to_board	poldrack-single-stim	s573	False
0.1	426.635	1.19	427.825	0	PA_without_intermediate	test	ward_and_allport	89	33.0	1.19	to_hand	poldrack-single-stim	s573	False
0.1	427.825	0.628	428.453	0	PA_without_intermediate	test	ward_and_allport	71	33.0	0.628	to_board	poldrack-single-stim	s573	False
0.1	428.461	0.644	429.105	0	PA_without_intermediate	test	ward_and_allport	89	33.0	0.644	to_hand	poldrack-single-stim	s573	False
0.1	429.106	0.907	430.013	0	PA_without_intermediate	test	ward_and_allport	82	33.0	0.907	to_board	poldrack-single-stim	s573	False
1.0	430.023	5.264	430.022	0	PA_without_intermediate	test	ward_and_allport	-1	33.0	n/a	feedback	poldrack-single-stim	s573	False
2.314	435.297	2.314	437.611	1	PA_with_intermediate	test	ward_and_allport	82	34.0	2.314	to_hand	poldrack-single-stim	s573	False
0.1	437.611	1.157	438.768	0	PA_with_intermediate	test	ward_and_allport	89	34.0	1.157	to_board	poldrack-single-stim	s573	False
0.1	438.777	1.079	439.856	0	PA_with_intermediate	test	ward_and_allport	82	34.0	1.079	to_hand	poldrack-single-stim	s573	False
0.1	439.857	0.618	440.475	0	PA_with_intermediate	test	ward_and_allport	71	34.0	0.618	to_board	poldrack-single-stim	s573	False
0.1	440.483	0.479	440.962	0	PA_with_intermediate	test	ward_and_allport	89	34.0	0.479	to_hand	poldrack-single-stim	s573	False
0.1	440.963	0.628	441.591	0	PA_with_intermediate	test	ward_and_allport	71	34.0	0.628	to_board	poldrack-single-stim	s573	False
1.0	441.602	4.04	441.601	0	PA_with_intermediate	test	ward_and_allport	-1	34.0	n/a	feedback	poldrack-single-stim	s573	False
1.576	445.651	1.576	447.227	1	PA_with_intermediate	test	ward_and_allport	82	35.0	1.576	to_hand	poldrack-single-stim	s573	False
0.1	447.227	1.067	448.294	0	PA_with_intermediate	test	ward_and_allport	89	35.0	1.067	to_board	poldrack-single-stim	s573	False
0.1	448.304	0.954	449.258	0	PA_with_intermediate	test	ward_and_allport	82	35.0	0.954	to_hand	poldrack-single-stim	s573	False
0.1	449.259	0.61	449.869	0	PA_with_intermediate	test	ward_and_allport	71	35.0	0.61	to_board	poldrack-single-stim	s573	False
0.1	449.878	0.475	450.353	0	PA_with_intermediate	test	ward_and_allport	89	35.0	0.475	to_hand	poldrack-single-stim	s573	False
0.1	450.354	0.48	450.834	0	PA_with_intermediate	test	ward_and_allport	71	35.0	0.48	to_board	poldrack-single-stim	s573	False
1.0	450.845	2.136	450.844	0	PA_with_intermediate	test	ward_and_allport	-1	35.0	n/a	feedback	poldrack-single-stim	s573	False
2.479	452.989	2.479	455.468	1	PA_with_intermediate	test	ward_and_allport	71	36.0	2.479	to_hand	poldrack-single-stim	s573	False
0.1	455.47	1.0	456.47	0	PA_with_intermediate	test	ward_and_allport	89	36.0	1.0	to_board	poldrack-single-stim	s573	False
0.1	456.477	0.85	457.327	0	PA_with_intermediate	test	ward_and_allport	71	36.0	0.85	to_hand	poldrack-single-stim	s573	False
0.1	457.329	0.81	458.139	0	PA_with_intermediate	test	ward_and_allport	82	36.0	0.81	to_board	poldrack-single-stim	s573	False
0.1	458.146	0.508	458.654	0	PA_with_intermediate	test	ward_and_allport	89	36.0	0.508	to_hand	poldrack-single-stim	s573	False
0.1	458.655	0.756	459.411	0	PA_with_intermediate	test	ward_and_allport	82	36.0	0.756	to_board	poldrack-single-stim	s573	False
1.0	459.421	2.408	459.42	0	PA_with_intermediate	test	ward_and_allport	-1	36.0	n/a	feedback	poldrack-single-stim	s573	False
1.566	461.839	1.566	463.405	1	PA_without_intermediate	test	ward_and_allport	71	37.0	1.566	to_hand	poldrack-single-stim	s573	False
0.1	463.406	1.028	464.434	0	PA_without_intermediate	test	ward_and_allport	89	37.0	1.028	to_board	poldrack-single-stim	s573	False
0.1	464.443	0.678	465.121	0	PA_without_intermediate	test	ward_and_allport	71	37.0	0.678	to_hand	poldrack-single-stim	s573	False
0.1	465.123	0.944	466.067	0	PA_without_intermediate	test	ward_and_allport	89	37.0	0.944	to_board	poldrack-single-stim	s573	False
0.1	466.075	0.761	466.836	0	PA_without_intermediate	test	ward_and_allport	71	37.0	0.761	to_hand	poldrack-single-stim	s573	False
0.1	466.838	0.642	467.48	0	PA_without_intermediate	test	ward_and_allport	82	37.0	0.642	to_board	poldrack-single-stim	s573	False
1.0	467.489	2.68	467.488	0	PA_without_intermediate	test	ward_and_allport	-1	37.0	n/a	feedback	poldrack-single-stim	s573	False
2.032	470.177	2.032	472.209	1	PA_with_intermediate	test	ward_and_allport	71	38.0	2.032	to_hand	poldrack-single-stim	s573	False
0.1	472.209	0.923	473.132	0	PA_with_intermediate	test	ward_and_allport	82	38.0	0.923	to_board	poldrack-single-stim	s573	False
0.1	473.138	0.769	473.907	0	PA_with_intermediate	test	ward_and_allport	71	38.0	0.769	to_hand	poldrack-single-stim	s573	False
0.1	473.908	0.693	474.601	0	PA_with_intermediate	test	ward_and_allport	89	38.0	0.693	to_board	poldrack-single-stim	s573	False
0.1	474.608	0.809	475.417	0	PA_with_intermediate	test	ward_and_allport	82	38.0	0.809	to_hand	poldrack-single-stim	s573	False
0.1	475.419	0.56	475.979	0	PA_with_intermediate	test	ward_and_allport	89	38.0	0.56	to_board	poldrack-single-stim	s573	False
1.0	475.99	4.72	475.989	0	PA_with_intermediate	test	ward_and_allport	-1	38.0	n/a	feedback	poldrack-single-stim	s573	False
2.125	480.719	2.125	482.844	1	PA_without_intermediate	test	ward_and_allport	82	39.0	2.125	to_hand	poldrack-single-stim	s573	False
0.1	482.845	0.802	483.647	0	PA_without_intermediate	test	ward_and_allport	89	39.0	0.802	to_board	poldrack-single-stim	s573	False
0.1	483.655	1.6	485.255	0	PA_without_intermediate	test	ward_and_allport	82	39.0	1.6	to_hand	poldrack-single-stim	s573	False
0.1	485.256	0.722	485.978	0	PA_without_intermediate	test	ward_and_allport	71	39.0	0.722	to_board	poldrack-single-stim	s573	False
0.1	485.988	0.586	486.574	0	PA_without_intermediate	test	ward_and_allport	82	39.0	0.586	to_hand	poldrack-single-stim	s573	False
0.1	486.575	0.587	487.162	0	PA_without_intermediate	test	ward_and_allport	89	39.0	0.587	to_board	poldrack-single-stim	s573	False
1.0	487.171	3.224	487.17	0	PA_without_intermediate	test	ward_and_allport	-1	39.0	n/a	feedback	poldrack-single-stim	s573	False
1.62	490.404	1.62	492.024	1	PA_without_intermediate	test	ward_and_allport	71	40.0	1.62	to_hand	poldrack-single-stim	s573	False
0.1	492.025	0.736	492.761	0	PA_without_intermediate	test	ward_and_allport	82	40.0	0.736	to_board	poldrack-single-stim	s573	False
0.1	492.771	0.677	493.448	0	PA_without_intermediate	test	ward_and_allport	71	40.0	0.677	to_hand	poldrack-single-stim	s573	False
0.1	493.449	0.724	494.173	0	PA_without_intermediate	test	ward_and_allport	82	40.0	0.724	to_board	poldrack-single-stim	s573	False
0.1	494.182	0.752	494.934	0	PA_without_intermediate	test	ward_and_allport	71	40.0	0.752	to_hand	poldrack-single-stim	s573	False
0.1	494.935	0.802	495.737	0	PA_without_intermediate	test	ward_and_allport	89	40.0	0.802	to_board	poldrack-single-stim	s573	False
1.0	495.75	2.272	495.749	0	PA_without_intermediate	test	ward_and_allport	-1	40.0	n/a	feedback	poldrack-single-stim	s573	False
3.095	498.029	3.095	501.124	1	PA_with_intermediate	test	ward_and_allport	82	41.0	3.095	to_hand	poldrack-single-stim	s573	False
0.1	501.124	0.592	501.716	0	PA_with_intermediate	test	ward_and_allport	71	41.0	0.592	to_board	poldrack-single-stim	s573	False
0.1	501.723	0.862	502.585	0	PA_with_intermediate	test	ward_and_allport	82	41.0	0.862	to_hand	poldrack-single-stim	s573	False
0.1	502.587	0.593	503.18	0	PA_with_intermediate	test	ward_and_allport	89	41.0	0.593	to_board	poldrack-single-stim	s573	False
0.1	503.188	0.82	504.008	0	PA_with_intermediate	test	ward_and_allport	71	41.0	0.82	to_hand	poldrack-single-stim	s573	False
0.1	504.009	0.699	504.708	0	PA_with_intermediate	test	ward_and_allport	82	41.0	0.699	to_board	poldrack-single-stim	s573	False
1.0	504.721	3.632	504.72	0	PA_with_intermediate	test	ward_and_allport	-1	41.0	n/a	feedback	poldrack-single-stim	s573	False
1.433	508.361	1.433	509.794	1	PA_without_intermediate	test	ward_and_allport	71	42.0	1.433	to_hand	poldrack-single-stim	s573	False
0.1	509.795	0.73	510.525	0	PA_without_intermediate	test	ward_and_allport	82	42.0	0.73	to_board	poldrack-single-stim	s573	False
0.1	510.535	0.627	511.162	0	PA_without_intermediate	test	ward_and_allport	71	42.0	0.627	to_hand	poldrack-single-stim	s573	False
0.1	511.163	0.605	511.768	0	PA_without_intermediate	test	ward_and_allport	89	42.0	0.605	to_board	poldrack-single-stim	s573	False
0.1	511.778	0.512	512.29	0	PA_without_intermediate	test	ward_and_allport	71	42.0	0.512	to_hand	poldrack-single-stim	s573	False
0.1	512.291	0.604	512.895	0	PA_without_intermediate	test	ward_and_allport	82	42.0	0.604	to_board	poldrack-single-stim	s573	False
1.0	512.905	2.408	512.904	0	PA_without_intermediate	test	ward_and_allport	-1	42.0	n/a	feedback	poldrack-single-stim	s573	False
2.378	515.321	2.378	517.699	1	PA_without_intermediate	test	ward_and_allport	89	43.0	2.378	to_hand	poldrack-single-stim	s573	False
0.1	517.7	0.625	518.325	0	PA_without_intermediate	test	ward_and_allport	71	43.0	0.625	to_board	poldrack-single-stim	s573	False
0.1	518.332	0.555	518.887	0	PA_without_intermediate	test	ward_and_allport	89	43.0	0.555	to_hand	poldrack-single-stim	s573	False
0.1	518.889	0.899	519.788	0	PA_without_intermediate	test	ward_and_allport	71	43.0	0.899	to_board	poldrack-single-stim	s573	False
0.1	519.797	0.562	520.359	0	PA_without_intermediate	test	ward_and_allport	89	43.0	0.562	to_hand	poldrack-single-stim	s573	False
0.1	520.361	0.643	521.004	0	PA_without_intermediate	test	ward_and_allport	82	43.0	0.643	to_board	poldrack-single-stim	s573	False
1.0	521.015	2.0	521.014	0	PA_without_intermediate	test	ward_and_allport	-1	43.0	n/a	feedback	poldrack-single-stim	s573	False
1.79	523.025	1.79	524.815	1	PA_with_intermediate	test	ward_and_allport	71	44.0	1.79	to_hand	poldrack-single-stim	s573	False
0.1	524.815	1.177	525.992	0	PA_with_intermediate	test	ward_and_allport	89	44.0	1.177	to_board	poldrack-single-stim	s573	False
0.1	526.001	0.809	526.81	0	PA_with_intermediate	test	ward_and_allport	71	44.0	0.809	to_hand	poldrack-single-stim	s573	False
0.1	526.812	0.692	527.504	0	PA_with_intermediate	test	ward_and_allport	82	44.0	0.692	to_board	poldrack-single-stim	s573	False
0.1	527.511	0.66	528.171	0	PA_with_intermediate	test	ward_and_allport	89	44.0	0.66	to_hand	poldrack-single-stim	s573	False
0.1	528.172	0.618	528.79	0	PA_with_intermediate	test	ward_and_allport	82	44.0	0.618	to_board	poldrack-single-stim	s573	False
1.0	528.802	2.0	528.801	0	PA_with_intermediate	test	ward_and_allport	-1	44.0	n/a	feedback	poldrack-single-stim	s573	False
1.919	535.811	1.919	537.73	1	PA_with_intermediate	test	ward_and_allport	89	45.0	1.919	to_hand	poldrack-single-stim	s573	False
0.1	537.731	0.79	538.521	0	PA_with_intermediate	test	ward_and_allport	82	45.0	0.79	to_board	poldrack-single-stim	s573	False
0.1	538.53	0.91	539.44	0	PA_with_intermediate	test	ward_and_allport	89	45.0	0.91	to_hand	poldrack-single-stim	s573	False
0.1	539.441	0.625	540.066	0	PA_with_intermediate	test	ward_and_allport	71	45.0	0.625	to_board	poldrack-single-stim	s573	False
0.1	540.075	0.489	540.564	0	PA_with_intermediate	test	ward_and_allport	82	45.0	0.489	to_hand	poldrack-single-stim	s573	False
0.1	540.566	0.46	541.026	0	PA_with_intermediate	test	ward_and_allport	71	45.0	0.46	to_board	poldrack-single-stim	s573	False
1.0	541.042	2.0	541.041	0	PA_with_intermediate	test	ward_and_allport	-1	45.0	n/a	feedback	poldrack-single-stim	s573	False
2.206	543.054	2.206	545.26	1	PA_with_intermediate	test	ward_and_allport	82	46.0	2.206	to_hand	poldrack-single-stim	s573	False
0.1	545.261	2.163	547.424	0	PA_with_intermediate	test	ward_and_allport	71	46.0	2.163	to_board	poldrack-single-stim	s573	False
0.1	547.435	1.13	548.565	0	PA_with_intermediate	test	ward_and_allport	82	46.0	1.13	to_hand	poldrack-single-stim	s573	False
0.1	548.566	0.798	549.364	0	PA_with_intermediate	test	ward_and_allport	89	46.0	0.798	to_board	poldrack-single-stim	s573	False
0.1	549.372	0.492	549.864	0	PA_with_intermediate	test	ward_and_allport	71	46.0	0.492	to_hand	poldrack-single-stim	s573	False
0.1	549.866	0.459	550.325	0	PA_with_intermediate	test	ward_and_allport	89	46.0	0.459	to_board	poldrack-single-stim	s573	False
1.0	550.336	2.408	550.335	0	PA_with_intermediate	test	ward_and_allport	-1	46.0	n/a	feedback	poldrack-single-stim	s573	False
1.731	552.754	1.731	554.485	1	PA_without_intermediate	test	ward_and_allport	82	47.0	1.731	to_hand	poldrack-single-stim	s573	False
0.1	554.487	0.813	555.3	0	PA_without_intermediate	test	ward_and_allport	71	47.0	0.813	to_board	poldrack-single-stim	s573	False
0.1	555.308	0.661	555.969	0	PA_without_intermediate	test	ward_and_allport	82	47.0	0.661	to_hand	poldrack-single-stim	s573	False
0.1	555.97	0.741	556.711	0	PA_without_intermediate	test	ward_and_allport	71	47.0	0.741	to_board	poldrack-single-stim	s573	False
0.1	556.72	0.53	557.25	0	PA_without_intermediate	test	ward_and_allport	82	47.0	0.53	to_hand	poldrack-single-stim	s573	False
0.1	557.251	0.565	557.816	0	PA_without_intermediate	test	ward_and_allport	89	47.0	0.565	to_board	poldrack-single-stim	s573	False
1.0	557.827	2.816	557.826	0	PA_without_intermediate	test	ward_and_allport	-1	47.0	n/a	feedback	poldrack-single-stim	s573	False
